[[9.94439483e-01 2.18673004e-03 2.91630602e-03 3.45013468e-05
  6.90672763e-08 7.99552936e-07 4.74286299e-09 4.21921693e-04
  1.70355790e-07]
 [9.93796945e-01 2.44815671e-03 3.21740634e-03 4.09339591e-05
  8.07627885e-08 9.51791947e-07 5.52094015e-09 4.95257729e-04
  2.50478308e-07]
 [9.94277179e-01 2.11282354e-03 3.13304341e-03 3.57263452e-05
  6.81294807e-08 8.40761004e-07 5.17993115e-09 4.40122298e-04
  1.87225950e-07]
 [9.91428554e-01 2.86371051e-03 5.08046709e-03 3.94378767e-05
  1.00694741e-07 1.02403476e-06 9.79642323e-09 5.86377108e-04
  2.66857654e-07]
 [9.86995757e-01 4.34761913e-03 7.83078372e-03 5.49539691e-05
  1.88591770e-07 1.37274571e-06 2.11524913e-08 7.68833212e-04
  4.41370901e-07]
 [3.23610334e-03 8.24964821e-01 1.83604397e-02 5.90128684e-03
  1.45254582e-01 1.52847970e-05 8.86588765e-04 9.95474751e-04
  3.85425577e-04]
 [2.82202731e-03 9.12422717e-01 1.39820445e-02 4.09792177e-03
  6.53328225e-02 7.15623537e-06 2.96133658e-04 7.88970152e-04
  2.50159646e-04]
 [3.48241488e-03 8.62656832e-01 1.99610572e-02 6.11160137e-03
  1.05620407e-01 1.35470100e-05 7.32366054e-04 1.02105108e-03
  4.00632998e-04]
 [5.22136735e-03 9.08110321e-01 2.49705929e-02 7.22109526e-03
  5.22140525e-02 1.36093759e-05 4.89513041e-04 1.26664864e-03
  4.92758409e-04]
 [3.91746312e-03 8.92879665e-01 3.48418988e-02 3.82805476e-03
  6.21171854e-02 1.06475745e-05 7.30735366e-04 1.36087835e-03
  3.13477562e-04]
 [3.86617077e-03 1.56544764e-02 9.77862835e-01 2.82853580e-06
  9.92327750e-06 6.85804650e-07 1.00528348e-04 2.49618734e-03
  6.46888611e-06]
 [5.16325934e-03 2.35543605e-02 9.68018472e-01 8.07504330e-06
  2.28123463e-05 1.29728642e-06 1.77463357e-04 3.04034865e-03
  1.39785689e-05]
 [5.86842792e-03 2.06324402e-02 9.70058858e-01 6.74475041e-06
  1.48568797e-05 1.24460394e-06 1.23208112e-04 3.28051485e-03
  1.37456764e-05]
 [4.18434478e-03 1.76826976e-02 9.75238204e-01 3.56793589e-06
  1.20941386e-05 8.15931287e-07 1.09136519e-04 2.76081706e-03
  8.24374274e-06]
 [3.11436690e-03 2.08561420e-02 9.73319173e-01 3.35458799e-06
  2.11000279e-05 7.46542185e-07 1.60821874e-04 2.51706690e-03
  7.15505530e-06]
 [8.76512437e-04 2.77694361e-03 1.30798842e-04 9.56635535e-01
  1.14278274e-03 4.32774861e-04 7.28999366e-05 1.98865600e-05
  3.79118510e-02]
 [8.71542259e-04 2.63556326e-03 1.24904342e-04 9.55449104e-01
  1.04645325e-03 4.43430356e-04 6.74657203e-05 1.98730377e-05
  3.93417627e-02]
 [9.05328488e-04 2.43964768e-03 1.31898923e-04 9.53694403e-01
  9.12539195e-04 4.72669984e-04 6.88517248e-05 2.04361040e-05
  4.13542874e-02]
 [8.28470162e-04 2.84784473e-03 1.30043074e-04 9.54920709e-01
  1.26749335e-03 4.42557968e-04 7.88799298e-05 2.02454667e-05
  3.94636132e-02]
 [8.63691617e-04 2.82083987e-03 1.51106578e-04 9.51664090e-01
  1.32020481e-03 4.99079179e-04 9.77849195e-05 2.22356102e-05
  4.25609685e-02]
 [3.39280727e-04 6.93719685e-02 1.07712962e-03 6.31821202e-03
  9.19113874e-01 6.07771763e-05 2.47837999e-03 2.48850847e-04
  9.91467386e-04]
 [1.84633580e-04 5.02964854e-02 7.99045782e-04 2.44887429e-03
  9.43548739e-01 3.63139225e-05 2.06294772e-03 1.82885691e-04
  4.39965806e-04]
 [2.40286594e-04 7.31895044e-02 1.04961672e-03 2.92893592e-03
  9.19902563e-01 3.55570410e-05 1.92697218e-03 2.27150595e-04
  4.99445479e-04]
 [2.53061240e-04 1.61792397e-01 1.38410670e-03 1.94614963e-03
  8.33030164e-01 1.69205778e-05 1.00826402e-03 2.67622905e-04
  3.01341439e-04]
 [8.36622421e-05 8.76811072e-02 9.23730084e-04 2.93381541e-04
  9.09943104e-01 6.76849322e-06 8.39601329e-04 1.66244863e-04
  6.24201130e-05]
 [8.62810848e-05 3.48837057e-06 1.39911517e-05 2.98418570e-04
  7.75406079e-05 8.94142330e-01 1.52125268e-03 3.61820392e-04
  1.03494860e-01]
 [9.69919201e-05 4.01839770e-06 1.67816579e-05 2.79000320e-04
  8.56406259e-05 8.95539701e-01 1.81121065e-03 4.42844001e-04
  1.01723753e-01]
 [4.05038736e-04 1.42746148e-05 1.59913921e-04 9.44482454e-05
  1.39483265e-04 9.14646387e-01 9.04071424e-03 4.86015249e-03
  7.06395060e-02]
 [3.86787491e-04 1.59660740e-05 1.54743844e-04 9.79208999e-05
  1.68904051e-04 9.11370754e-01 1.00481799e-02 4.80547221e-03
  7.29512945e-02]
 [1.96660432e-04 6.96163988e-06 4.88515470e-05 1.57631875e-04
  1.04555889e-04 9.13517892e-01 4.11787536e-03 1.44691207e-03
  8.04026797e-02]
 [3.84658233e-05 1.00495658e-04 1.38986204e-03 1.80562365e-05
  5.31496247e-03 8.23337212e-03 9.78258193e-01 1.54654682e-03
  5.09997783e-03]
 [2.93761495e-05 1.08958229e-04 1.13035575e-03 2.15079017e-05
  7.62201753e-03 6.45628851e-03 9.78509665e-01 1.10063853e-03
  5.02120191e-03]
 [8.61279259e-05 1.58137584e-04 3.47144390e-03 8.02805516e-06
  3.39923287e-03 1.11088166e-02 9.70970213e-01 5.99453785e-03
  4.80356906e-03]
 [3.14869176e-05 1.49875123e-04 1.25813030e-03 1.27511739e-05
  9.33274999e-03 4.62197466e-03 9.79361713e-01 1.65698130e-03
  3.57440626e-03]
 [4.33171845e-05 1.24354206e-04 2.09381967e-03 8.22291349e-06
  4.27753897e-03 5.99360140e-03 9.81365263e-01 2.67665973e-03
  3.41723370e-03]
 [9.41022590e-05 6.49993524e-07 1.98075850e-03 1.64484637e-12
  3.15259108e-08 2.49486649e-03 7.41294760e-04 9.94686127e-01
  2.18781361e-06]
 [1.28807646e-04 5.95854146e-07 1.62284693e-03 4.27710515e-12
  4.25254747e-08 5.65302186e-03 7.77643407e-04 9.91812229e-01
  4.77367303e-06]
 [1.13852642e-04 6.47046363e-07 1.77894009e-03 2.96862274e-12
  4.05990228e-08 3.91866360e-03 8.01964896e-04 9.93382454e-01
  3.49233642e-06]
 [8.68562202e-05 6.07385402e-07 1.96875772e-03 1.21175465e-12
  2.56910937e-08 2.15044315e-03 6.32229378e-04 9.95159328e-01
  1.76666970e-06]
 [9.43765481e-05 6.39502048e-07 1.95003662e-03 1.64916279e-12
  3.11252428e-08 2.51843547e-03 7.25323916e-04 9.94708896e-01
  2.20341531e-06]
 [4.15740564e-04 2.90640426e-04 1.74689034e-04 5.02195917e-02
  9.55506344e-04 8.29208866e-02 2.34709028e-03 3.43298510e-04
  8.62332523e-01]
 [4.41393815e-04 2.92504352e-04 1.82579402e-04 4.92596924e-02
  9.20999795e-04 8.40593725e-02 2.32206029e-03 3.66677676e-04
  8.62154663e-01]
 [2.58368137e-03 1.87036640e-03 2.91232020e-03 2.46173218e-02
  2.57834024e-03 1.04935743e-01 1.61319263e-02 5.39644761e-03
  8.38973880e-01]
 [2.75971927e-03 1.95212953e-03 3.08503187e-03 2.39896197e-02
  2.53606425e-03 1.05465539e-01 1.58095676e-02 5.86285442e-03
  8.38539481e-01]
 [1.61030248e-03 9.94272181e-04 1.15209294e-03 3.07186283e-02
  1.69221906e-03 1.01871796e-01 7.98569061e-03 2.46455241e-03
  8.51510525e-01]]
