<PIL.Image.Image image mode=RGB size=16x16 at 0x106138F90> [[[0.6745098  0.79607844 0.6627451 ]
  [0.67058825 0.77254903 0.6745098 ]
  [0.09803922 0.41960785 0.03529412]
  [0.59607846 0.7019608  0.5254902 ]
  [0.61960787 0.7254902  0.54901963]
  [0.7019608  0.79607844 0.654902  ]
  [0.84705883 0.9019608  0.8117647 ]
  [0.8352941  0.92941177 0.8039216 ]
  [0.4862745  0.627451   0.45490196]
  [0.5372549  0.63529414 0.5176471 ]
  [0.78039217 0.88235295 0.8392157 ]
  [0.36862746 0.654902   0.29411766]
  [0.40784314 0.6901961  0.3529412 ]
  [0.5803922  0.74509805 0.6509804 ]
  [0.78039217 0.8        0.95686275]
  [0.5254902  0.61960787 0.5647059 ]]

 [[0.7921569  0.8862745  0.8       ]
  [0.8        0.9137255  0.8352941 ]
  [0.3254902  0.52156866 0.32941177]
  [0.7490196  0.80784315 0.6862745 ]
  [0.8117647  0.87058824 0.75686276]
  [0.8509804  0.8901961  0.79607844]
  [0.87058824 0.9254902  0.8352941 ]
  [0.8509804  0.8980392  0.8039216 ]
  [0.8901961  0.9372549  0.8509804 ]
  [0.8509804  0.90588236 0.8392157 ]
  [0.8392157  0.92156863 0.85490197]
  [0.4117647  0.5411765  0.3647059 ]
  [0.6666667  0.7411765  0.7647059 ]
  [0.7647059  0.78431374 0.9098039 ]
  [0.9607843  0.9607843  1.        ]
  [0.6627451  0.6862745  0.78039217]]

 [[0.75686276 0.8509804  0.7647059 ]
  [0.84313726 0.9137255  0.8117647 ]
  [0.827451   0.9254902  0.84313726]
  [0.79607844 0.8352941  0.69803923]
  [0.827451   0.8862745  0.77254903]
  [0.8627451  0.9019608  0.80784315]
  [0.827451   0.88235295 0.7921569 ]
  [0.8509804  0.9019608  0.78431374]
  [0.87058824 0.92156863 0.8117647 ]
  [0.8980392  0.93333334 0.8509804 ]
  [0.92156863 0.96862745 0.92156863]
  [0.29803923 0.39607844 0.2784314 ]
  [0.6666667  0.69411767 0.75686276]
  [0.70980394 0.70980394 0.81960785]
  [0.69411767 0.69411767 0.79607844]
  [0.78039217 0.8039216  0.8980392 ]]

 [[0.8235294  0.89411765 0.8       ]
  [0.85882354 0.95686275 0.8039216 ]
  [0.8666667  0.91764706 0.84705883]
  [0.8117647  0.8509804  0.7058824 ]
  [0.77254903 0.8509804  0.7137255 ]
  [0.8666667  0.9019608  0.78039217]
  [0.8509804  0.8862745  0.8039216 ]
  [0.9019608  0.9411765  0.79607844]
  [0.8        0.85882354 0.7294118 ]
  [0.91764706 0.9490196  0.85882354]
  [0.9372549  1.         0.96862745]
  [0.8        0.87058824 0.76862746]
  [0.64705884 0.6784314  0.7294118 ]
  [0.7607843  0.7529412  0.84705883]
  [0.8235294  0.8117647  0.9254902 ]
  [0.5058824  0.50980395 0.5803922 ]]

 [[0.827451   0.90588236 0.80784315]
  [0.6431373  0.78039217 0.5529412 ]
  [0.81960785 0.88235295 0.78039217]
  [0.8117647  0.87058824 0.70980394]
  [0.8627451  0.9137255  0.8039216 ]
  [0.88235295 0.91764706 0.8117647 ]
  [0.88235295 0.93333334 0.8235294 ]
  [0.8901961  0.9254902  0.81960785]
  [0.90588236 0.9372549  0.84705883]
  [0.8980392  0.92941177 0.8352941 ]
  [0.9098039  0.9647059  0.8980392 ]
  [0.8862745  0.96862745 0.8       ]
  [0.6156863  0.6313726  0.6666667 ]
  [0.6156863  0.6117647  0.68235296]
  [0.7607843  0.7529412  0.8352941 ]
  [0.65882355 0.6627451  0.78039217]]

 [[0.84313726 0.92156863 0.8235294 ]
  [0.38431373 0.6039216  0.25490198]
  [0.8156863  0.8784314  0.73333335]
  [0.83137256 0.8862745  0.75686276]
  [0.85882354 0.9098039  0.8       ]
  [0.88235295 0.91764706 0.8117647 ]
  [0.91764706 0.96862745 0.85882354]
  [0.8862745  0.92156863 0.8156863 ]
  [0.9019608  0.9372549  0.8235294 ]
  [0.8901961  0.92156863 0.827451  ]
  [0.8745098  0.93333334 0.84313726]
  [0.8666667  0.95686275 0.7529412 ]
  [0.48235294 0.5058824  0.5058824 ]
  [0.627451   0.62352943 0.69411767]
  [0.6784314  0.6666667  0.78039217]
  [0.54901963 0.5372549  0.61960787]]

 [[0.8745098  0.9647059  0.89411765]
  [0.21568628 0.49411765 0.11764706]
  [0.7058824  0.75686276 0.64705884]
  [0.05098039 0.07843138 0.11764706]
  [0.12156863 0.13333334 0.27058825]
  [0.27450982 0.27450982 0.40784314]
  [0.32941177 0.33333334 0.45490196]
  [0.33333334 0.3137255  0.43137255]
  [0.6745098  0.65882355 0.7647059 ]
  [0.7137255  0.69411767 0.85490197]
  [0.34117648 0.3647059  0.41960785]
  [0.6        0.7058824  0.44313726]
  [0.5411765  0.5686275  0.5372549 ]
  [0.5372549  0.5294118  0.57254905]
  [0.45882353 0.43529412 0.43529412]
  [0.57254905 0.5529412  0.6313726 ]]

 [[0.827451   0.9019608  0.78431374]
  [0.36862746 0.43529412 0.4745098 ]
  [0.41960785 0.43137255 0.5686275 ]
  [0.43529412 0.43137255 0.5529412 ]
  [0.4862745  0.46666667 0.5529412 ]
  [0.34509805 0.3372549  0.3882353 ]
  [0.35686275 0.34901962 0.36862746]
  [0.9490196  0.9254902  0.972549  ]
  [1.         0.95686275 1.        ]
  [0.8862745  0.8235294  0.92941177]
  [0.99215686 0.8980392  0.9529412 ]
  [0.74509805 0.6156863  0.5803922 ]
  [0.5568628  0.49411765 0.53333336]
  [0.3764706  0.3764706  0.42352942]
  [0.00392157 0.         0.01960784]
  [0.7176471  0.6862745  0.76862746]]

 [[0.41960785 0.49019608 0.5764706 ]
  [0.32156864 0.35686275 0.42352942]
  [0.6313726  0.6039216  0.7372549 ]
  [0.44313726 0.41960785 0.46666667]
  [0.57254905 0.5372549  0.6431373 ]
  [0.6039216  0.56078434 0.6156863 ]
  [0.6156863  0.5647059  0.5921569 ]
  [0.42352942 0.37254903 0.4117647 ]
  [0.6313726  0.5568628  0.6313726 ]
  [0.67058825 0.5921569  0.6901961 ]
  [0.6666667  0.62352943 0.6862745 ]
  [0.26666668 0.26666668 0.36862746]
  [0.49019608 0.4509804  0.45490196]
  [0.4509804  0.40784314 0.42352942]
  [0.30980393 0.24705882 0.24705882]
  [0.6901961  0.64705884 0.6784314 ]]

 [[0.6431373  0.7529412  0.59607846]
  [0.43137255 0.56078434 0.5176471 ]
  [0.4862745  0.5019608  0.64705884]
  [0.88235295 0.89411765 1.        ]
  [0.69411767 0.67058825 0.84313726]
  [0.5058824  0.4862745  0.5764706 ]
  [0.5372549  0.5254902  0.60784316]
  [0.49411765 0.5019608  0.58431375]
  [0.47843137 0.48235294 0.5647059 ]
  [0.5372549  0.5411765  0.6117647 ]
  [0.47843137 0.49019608 0.5568628 ]
  [0.3764706  0.40784314 0.31764707]
  [0.6117647  0.60784316 0.5372549 ]
  [0.5882353  0.5411765  0.5803922 ]
  [0.7254902  0.6784314  0.7176471 ]
  [0.6666667  0.61960787 0.65882355]]

 [[0.3882353  0.5764706  0.33333334]
  [0.6039216  0.7176471  0.60784316]
  [0.24705882 0.3647059  0.22352941]
  [0.26666668 0.34901962 0.36078432]
  [0.3372549  0.3764706  0.4117647 ]
  [0.4117647  0.4509804  0.49019608]
  [0.20392157 0.23137255 0.2627451 ]
  [0.38431373 0.43137255 0.41568628]
  [0.4745098  0.5529412  0.5058824 ]
  [0.34509805 0.44313726 0.3254902 ]
  [0.41568628 0.5137255  0.35686275]
  [0.8235294  0.8        0.69803923]
  [0.59607846 0.58431375 0.5254902 ]
  [0.5529412  0.5176471  0.5294118 ]
  [0.6745098  0.627451   0.6666667 ]
  [0.7921569  0.74509805 0.7921569 ]]

 [[0.2509804  0.49803922 0.18039216]
  [0.7176471  0.81960785 0.63529414]
  [0.627451   0.6901961  0.5372549 ]
  [0.4862745  0.57254905 0.43137255]
  [0.28627452 0.37254903 0.21960784]
  [0.23137255 0.3529412  0.18039216]
  [0.28627452 0.40392157 0.25490198]
  [0.45882353 0.56078434 0.38431373]
  [0.5921569  0.67058825 0.47058824]
  [0.7294118  0.76862746 0.57254905]
  [0.8352941  0.8666667  0.72156864]
  [0.827451   0.8627451  0.7411765 ]
  [0.6313726  0.6117647  0.53333336]
  [0.56078434 0.52156866 0.5137255 ]
  [0.47058824 0.4509804  0.47843137]
  [0.60784316 0.5686275  0.6117647 ]]

 [[0.21176471 0.4862745  0.13725491]
  [0.78039217 0.8352941  0.69411767]
  [0.7411765  0.78431374 0.61960787]
  [0.7764706  0.7882353  0.6117647 ]
  [0.7607843  0.81960785 0.6666667 ]
  [0.8        0.84705883 0.65882355]
  [0.8117647  0.8235294  0.7019608 ]
  [0.83137256 0.8784314  0.7294118 ]
  [0.85882354 0.89411765 0.7254902 ]
  [0.8392157  0.87058824 0.7254902 ]
  [0.84705883 0.8745098  0.7529412 ]
  [0.8        0.8352941  0.7137255 ]
  [0.7294118  0.7411765  0.627451  ]
  [0.5294118  0.49019608 0.48235294]
  [0.59607846 0.5568628  0.5529412 ]
  [0.62352943 0.5686275  0.5686275 ]]

 [[0.16078432 0.45490196 0.05098039]
  [0.8039216  0.83137256 0.69803923]
  [0.73333335 0.7764706  0.60784316]
  [0.7411765  0.77254903 0.6117647 ]
  [0.7607843  0.7921569  0.6313726 ]
  [0.77254903 0.8039216  0.65882355]
  [0.78431374 0.8039216  0.64705884]
  [0.81960785 0.8392157  0.68235296]
  [0.8352941  0.8627451  0.7019608 ]
  [0.84313726 0.8745098  0.72156864]
  [0.8392157  0.8745098  0.7529412 ]
  [0.8117647  0.8627451  0.74509805]
  [0.7921569  0.7764706  0.6392157 ]
  [0.5372549  0.52156866 0.47843137]
  [0.5176471  0.48235294 0.4862745 ]
  [0.52156866 0.5019608  0.5176471 ]]

 [[0.12156863 0.41960785 0.03529412]
  [0.6392157  0.6901961  0.5176471 ]
  [0.7607843  0.8039216  0.64705884]
  [0.8039216  0.8235294  0.6666667 ]
  [0.8039216  0.8352941  0.6745098 ]
  [0.78431374 0.80784315 0.6666667 ]
  [0.87058824 0.8745098  0.7411765 ]
  [0.8784314  0.89411765 0.7490196 ]
  [0.8352941  0.8627451  0.7019608 ]
  [0.83137256 0.8745098  0.7176471 ]
  [0.8235294  0.85882354 0.7372549 ]
  [0.79607844 0.85490197 0.73333335]
  [0.7764706  0.8235294  0.627451  ]
  [0.45490196 0.45490196 0.40784314]
  [0.39215687 0.3882353  0.36862746]
  [0.5294118  0.5254902  0.54901963]]

 [[0.14509805 0.34901962 0.10588235]
  [0.7176471  0.78431374 0.57254905]
  [0.7176471  0.7607843  0.5921569 ]
  [0.8627451  0.8666667  0.70980394]
  [0.8862745  0.8862745  0.7372549 ]
  [0.9137255  0.9529412  0.81960785]
  [0.92941177 0.94509804 0.80784315]
  [0.91764706 0.8980392  0.77254903]
  [0.8235294  0.83137256 0.6784314 ]
  [0.8156863  0.85490197 0.7176471 ]
  [0.80784315 0.84313726 0.72156864]
  [0.69803923 0.77254903 0.64705884]
  [0.6509804  0.7921569  0.5019608 ]
  [0.4627451  0.47058824 0.41960785]
  [0.43529412 0.4509804  0.39215687]
  [0.26666668 0.29411766 0.2627451 ]]]
<PIL.Image.Image image mode=RGB size=16x16 at 0x634C27BD0> [[[1.         0.8980392  0.72156864]
  [1.         0.8980392  0.7411765 ]
  [0.9882353  0.8980392  0.7647059 ]
  [1.         0.9137255  0.8235294 ]
  [1.         0.94509804 0.8627451 ]
  [0.9843137  0.9607843  0.85882354]
  [0.96862745 0.94509804 0.8509804 ]
  [1.         0.8980392  0.7529412 ]
  [1.         0.827451   0.72156864]
  [1.         0.81960785 0.6901961 ]
  [0.99607843 0.7647059  0.5372549 ]
  [0.99215686 0.6862745  0.39607844]
  [0.9607843  0.6431373  0.32156864]
  [0.99215686 0.79607844 0.5568628 ]
  [0.99607843 0.78039217 0.5254902 ]
  [0.9843137  0.7254902  0.42745098]]

 [[1.         0.9254902  0.8117647 ]
  [1.         0.91764706 0.8352941 ]
  [1.         0.90588236 0.827451  ]
  [0.9843137  0.8862745  0.8       ]
  [0.9843137  0.8745098  0.7921569 ]
  [0.99215686 0.9098039  0.84313726]
  [0.99607843 0.92156863 0.8666667 ]
  [1.         0.92156863 0.8117647 ]
  [1.         0.93333334 0.8666667 ]
  [1.         0.92941177 0.8627451 ]
  [1.         0.91764706 0.8235294 ]
  [0.9882353  0.8901961  0.73333335]
  [1.         0.8745098  0.6627451 ]
  [0.99607843 0.8509804  0.57254905]
  [1.         0.8039216  0.53333336]
  [0.972549   0.7529412  0.45882353]]

 [[0.99215686 0.98039216 0.92156863]
  [1.         0.95686275 0.8901961 ]
  [0.99607843 0.93333334 0.87058824]
  [1.         0.94509804 0.87058824]
  [1.         0.92156863 0.827451  ]
  [1.         0.9372549  0.8666667 ]
  [1.         0.9411765  0.88235295]
  [0.9843137  0.8784314  0.7647059 ]
  [0.99215686 0.8862745  0.78039217]
  [1.         0.91764706 0.827451  ]
  [1.         0.9254902  0.84313726]
  [1.         0.91764706 0.84705883]
  [0.98039216 0.8627451  0.7137255 ]
  [1.         0.8352941  0.6       ]
  [1.         0.8156863  0.6039216 ]
  [1.         0.78039217 0.43529412]]

 [[0.99607843 0.94509804 0.88235295]
  [0.99215686 0.9254902  0.84705883]
  [0.9882353  0.91764706 0.83137256]
  [1.         0.9372549  0.8509804 ]
  [1.         0.9254902  0.8117647 ]
  [1.         0.92941177 0.8745098 ]
  [1.         0.9490196  0.8980392 ]
  [0.9882353  0.8862745  0.7490196 ]
  [0.972549   0.8901961  0.7764706 ]
  [0.9882353  0.87058824 0.7607843 ]
  [1.         0.89411765 0.81960785]
  [1.         0.9372549  0.88235295]
  [0.99215686 0.8901961  0.78431374]
  [1.         0.87058824 0.70980394]
  [0.5647059  0.45490196 0.5019608 ]
  [0.98039216 0.72156864 0.38431373]]

 [[0.99215686 0.9254902  0.85490197]
  [0.99215686 0.92941177 0.8392157 ]
  [0.99215686 0.93333334 0.84313726]
  [1.         0.92156863 0.8235294 ]
  [1.         0.92941177 0.8352941 ]
  [0.8745098  0.74509805 0.6784314 ]
  [0.9490196  0.8784314  0.8392157 ]
  [1.         0.90588236 0.8235294 ]
  [0.07450981 0.02352941 0.0627451 ]
  [0.1764706  0.20392157 0.31764707]
  [0.38039216 0.41568628 0.5686275 ]
  [0.5254902  0.57254905 0.7294118 ]
  [0.28627452 0.27058825 0.40784314]
  [0.02745098 0.         0.        ]
  [0.3254902  0.29411766 0.38431373]
  [0.99607843 0.84313726 0.627451  ]]

 [[1.         0.93333334 0.8627451 ]
  [1.         0.9411765  0.8784314 ]
  [1.         0.94509804 0.88235295]
  [0.972549   0.89411765 0.7647059 ]
  [1.         0.9254902  0.81960785]
  [0.7019608  0.57254905 0.5372549 ]
  [0.36862746 0.32156864 0.41568628]
  [0.63529414 0.62352943 0.8       ]
  [0.6509804  0.62352943 0.8235294 ]
  [0.5254902  0.50980395 0.6392157 ]
  [0.44313726 0.45490196 0.5921569 ]
  [0.29803923 0.2901961  0.3764706 ]
  [0.2509804  0.22745098 0.27450982]
  [1.         0.8666667  0.78039217]
  [0.95686275 0.7372549  0.67058825]
  [1.         0.8156863  0.69803923]]

 [[0.99215686 0.9411765  0.8784314 ]
  [0.8745098  0.80784315 0.627451  ]
  [0.7490196  0.7882353  0.5529412 ]
  [0.88235295 0.8627451  0.84705883]
  [0.78039217 0.7529412  0.6392157 ]
  [0.5882353  0.5568628  0.70980394]
  [0.29411766 0.27058825 0.38039216]
  [0.3372549  0.32156864 0.42745098]
  [0.15294118 0.15294118 0.24705882]
  [0.41568628 0.36862746 0.42352942]
  [0.3019608  0.25490198 0.3019608 ]
  [0.33333334 0.28235295 0.32156864]
  [0.3372549  0.2627451  0.20784314]
  [0.7882353  0.627451   0.30588236]
  [0.93333334 0.7019608  0.48235294]
  [0.92156863 0.6666667  0.5176471 ]]

 [[0.99215686 0.92156863 0.8666667 ]
  [0.90588236 0.8235294  0.7019608 ]
  [0.48235294 0.5058824  0.23137255]
  [0.40784314 0.39215687 0.20784314]
  [0.627451   0.60784316 0.7647059 ]
  [0.3254902  0.3137255  0.42745098]
  [0.25490198 0.21176471 0.2784314 ]
  [0.23137255 0.21176471 0.29803923]
  [0.49019608 0.45490196 0.5294118 ]
  [0.4745098  0.42352942 0.49019608]
  [0.40392157 0.34509805 0.42745098]
  [0.25882354 0.18431373 0.19215687]
  [0.5294118  0.4392157  0.3764706 ]
  [0.25490198 0.30588236 0.        ]
  [0.5529412  0.5294118  0.23137255]
  [1.         0.9019608  0.8235294 ]]

 [[0.9607843  0.87058824 0.8156863 ]
  [0.9764706  0.8156863  0.6901961 ]
  [0.9137255  0.8117647  0.7058824 ]
  [0.5764706  0.56078434 0.69803923]
  [0.37254903 0.35686275 0.4862745 ]
  [0.3137255  0.24313726 0.29803923]
  [0.05490196 0.04313726 0.10980392]
  [0.60784316 0.5568628  0.63529414]
  [0.68235296 0.6313726  0.70980394]
  [0.6431373  0.5921569  0.6627451 ]
  [0.45490196 0.3372549  0.36862746]
  [0.25490198 0.16470589 0.09411765]
  [0.3882353  0.41568628 0.25490198]
  [0.28235295 0.3647059  0.09411765]
  [0.8039216  0.6392157  0.48235294]
  [1.         0.8745098  0.8       ]]

 [[1.         0.9490196  0.88235295]
  [1.         0.9137255  0.79607844]
  [0.5882353  0.5411765  0.61960787]
  [0.18431373 0.15294118 0.21176471]
  [0.3372549  0.28235295 0.34901962]
  [0.5803922  0.5019608  0.6117647 ]
  [0.5568628  0.49411765 0.6       ]
  [0.7764706  0.7254902  0.8039216 ]
  [0.85490197 0.80784315 0.8627451 ]
  [0.7176471  0.6039216  0.61960787]
  [0.65882355 0.45490196 0.37254903]
  [0.79607844 0.6039216  0.44705883]
  [0.2784314  0.19607843 0.01176471]
  [0.7529412  0.6627451  0.4509804 ]
  [0.99215686 0.8784314  0.80784315]
  [1.         0.8862745  0.8117647 ]]

 [[1.         0.9490196  0.8745098 ]
  [1.         0.89411765 0.80784315]
  [0.23137255 0.19607843 0.2627451 ]
  [0.57254905 0.5176471  0.60784316]
  [0.6745098  0.62352943 0.73333335]
  [0.74509805 0.69411767 0.77254903]
  [0.87058824 0.8352941  0.9019608 ]
  [0.8627451  0.78431374 0.827451  ]
  [0.81960785 0.70980394 0.7058824 ]
  [0.30588236 0.12941177 0.03921569]
  [0.7176471  0.46666667 0.36862746]
  [0.9019608  0.63529414 0.44313726]
  [0.9372549  0.7058824  0.63529414]
  [0.99215686 0.77254903 0.7137255 ]
  [0.9882353  0.7490196  0.6745098 ]
  [0.99607843 0.75686276 0.68235296]]

 [[0.63529414 0.5254902  0.4392157 ]
  [0.18431373 0.14117648 0.17254902]
  [0.05490196 0.03921569 0.09411765]
  [0.76862746 0.7372549  0.827451  ]
  [0.65882355 0.6117647  0.69803923]
  [0.78039217 0.7372549  0.8039216 ]
  [0.84313726 0.78431374 0.8117647 ]
  [0.7372549  0.62352943 0.69411767]
  [0.5803922  0.4        0.30980393]
  [0.6745098  0.45882353 0.3764706 ]
  [0.8117647  0.6431373  0.5686275 ]
  [1.         0.85490197 0.7058824 ]
  [0.9843137  0.84313726 0.7019608 ]
  [1.         0.92156863 0.84705883]
  [0.99607843 0.8980392  0.81960785]
  [0.99607843 0.8862745  0.8039216 ]]

 [[1.         0.9647059  0.9254902 ]
  [0.60784316 0.5568628  0.63529414]
  [0.7529412  0.7058824  0.7921569 ]
  [0.85882354 0.80784315 0.8784314 ]
  [0.7529412  0.68235296 0.7764706 ]
  [0.8235294  0.7254902  0.7490196 ]
  [0.15294118 0.12156863 0.07058824]
  [0.6509804  0.5019608  0.45882353]
  [0.7607843  0.5647059  0.45882353]
  [0.9137255  0.65882355 0.43137255]
  [1.         0.78039217 0.6039216 ]
  [0.9607843  0.8117647  0.7372549 ]
  [1.         0.8235294  0.8       ]
  [0.9843137  0.8627451  0.7490196 ]
  [1.         0.8666667  0.7411765 ]
  [1.         0.84313726 0.7372549 ]]

 [[0.5294118  0.49019608 0.21176471]
  [0.47058824 0.44313726 0.40392157]
  [0.40392157 0.36078432 0.3372549 ]
  [0.07843138 0.05882353 0.03529412]
  [0.         0.01176471 0.        ]
  [0.06666667 0.07058824 0.        ]
  [0.5803922  0.5019608  0.37254903]
  [0.6627451  0.44313726 0.21960784]
  [0.9529412  0.7058824  0.5764706 ]
  [0.95686275 0.7882353  0.7647059 ]
  [0.9647059  0.7882353  0.69803923]
  [1.         0.87058824 0.79607844]
  [1.         0.85882354 0.75686276]
  [1.         0.84313726 0.74509805]
  [1.         0.84705883 0.74509805]
  [0.9843137  0.8666667  0.73333335]]

 [[0.7647059  0.62352943 0.43529412]
  [0.48235294 0.3529412  0.18431373]
  [0.5372549  0.39215687 0.22745098]
  [0.1882353  0.15294118 0.        ]
  [0.5372549  0.39607844 0.20784314]
  [0.47843137 0.38431373 0.14901961]
  [0.81960785 0.5529412  0.27450982]
  [0.9529412  0.7019608  0.4509804 ]
  [1.         0.75686276 0.4862745 ]
  [0.98039216 0.8117647  0.63529414]
  [0.9843137  0.8627451  0.7529412 ]
  [0.9882353  0.87058824 0.7764706 ]
  [0.99607843 0.85490197 0.7529412 ]
  [1.         0.8156863  0.7176471 ]
  [0.9529412  0.7176471  0.62352943]
  [0.9764706  0.7647059  0.6627451 ]]

 [[0.96862745 0.79607844 0.6509804 ]
  [0.8784314  0.69803923 0.5686275 ]
  [0.64705884 0.4392157  0.23529412]
  [0.70980394 0.49019608 0.26666668]
  [0.7647059  0.50980395 0.24313726]
  [0.8745098  0.6117647  0.3372549 ]
  [0.9490196  0.6627451  0.3529412 ]
  [0.9764706  0.7019608  0.42745098]
  [0.9843137  0.7529412  0.4862745 ]
  [1.         0.8352941  0.68235296]
  [0.99215686 0.88235295 0.8       ]
  [0.972549   0.87058824 0.77254903]
  [1.         0.8901961  0.79607844]
  [1.         0.88235295 0.77254903]
  [0.99607843 0.8745098  0.7607843 ]
  [1.         0.8666667  0.75686276]]]
